"","01","02","04","05","06","08","09","10","11","12","13","15","16","17","18","19","20","21","22","23","24","25","26","27","28","29","30","31","32","33","34","35","36","37","38","39","40","41","42","44","45","46","47","48","49","50","51","53","54","55","56","60","66","69","72","78"
"01",0,72.5803828484729,24.883043939442,5.99463823483119,33.0823259092419,19.7225913876701,16.6362840194949,12.9084020121818,11.5620268077357,5.96745846125467,3.38126262193577,70.6433526287152,30.1514223343742,7.6484545749648,7.13579659318425,11.4311488521933,12.8790978229766,4.97622667787551,5.47438918580877,21.6350842272292,11.8281084446542,17.7468247480077,11.6369452167225,15.4530938875877,2.83907376688244,7.83904574524222,26.8970580558116,15.6478266029152,30.5420914333073,18.7396587559326,14.2365681364049,19.3502019292048,15.2009932556692,7.93962641404493,20.0205510739964,8.51529067637741,11.0397710416929,35.5185213773899,12.115432161966,17.6660882017186,6.03681025152356,17.7541500669111,3.0875329206504,12.5998034579632,25.6951207273696,18.1078316621787,9.28763538824602,36.6419823949592,8.53306814364563,12.2644059483735,23.101442253472,95.8870439674313,232.699092782005,232.699092782005,25.0350080341349,26.5525500774464
"02",72.5803828484729,0,50.4307987417382,66.6116591667315,42.3511504291489,53.07909802184,82.669098192102,80.7809337799682,79.3766666266133,78.2780560921035,75.6984163196272,44.1822078819529,42.5023220774689,67.5189509900176,70.3100431930062,62.7838455099407,59.7020054056353,72.0831724106986,68.7347894629277,85.1264581458256,79.550317953039,83.3767597625298,69.7032093279305,60.6383440588387,70.0513556072607,65.2264400037722,45.9399796417478,57.1387062836568,43.4227272175781,83.2411158446984,81.2118002005768,54.930681150014,79.6256797523123,78.3096944527234,54.4273622151745,73.4642087478093,61.7809602435224,37.6355652420101,78.0228012237609,83.7810708209116,77.5115425402088,55.6533243090878,71.7558538470249,62.1993658502159,47.6042486315833,82.0934121867821,78.1242451072681,35.9936746796573,76.0637988853278,65.2440871286832,49.4804645746703,80.571596738996,301.517621102724,301.517621102724,97.3367811484626,98.9302262889275
"04",24.883043939442,50.4307987417382,0,19.23493546671,8.47443628872742,7.71715909710302,39.6220217223768,36.4631342508032,34.956057213207,29.691799497117,28.2638080964066,46.8379324242606,10.5306492090089,23.1957568853551,26.0025315205366,19.7610905410506,13.9299410111745,26.5715802539969,19.895227938561,43.8590953947901,35.2009299667793,40.6384700467193,28.0887922751406,21.1069985833041,22.0529617060838,19.6952359174954,12.8993356388188,13.8868934402083,7.10948555346306,41.1726345653251,37.4644588678884,5.55767741953417,37.1712559579105,32.3101265930358,17.2723811047956,29.4909355874547,14.2150540749165,13.1138473354733,34.4986787337631,40.7824871430434,30.7676569117068,15.2845358907688,25.3686313706534,12.6195052126658,5.03057851902741,40.2098085014092,32.9928152248274,15.7572550484182,31.3539824923741,23.9970162428019,9.62908299667731,76.1870596223827,257.578466214808,257.578466214808,47.9677003575468,49.6267335392095
"05",5.99463823483119,66.6116591667315,19.23493546671,0,27.2700442537301,13.7344886313725,20.8276024692474,17.4215875577055,15.9371748561688,11.720157109958,9.2675530366327,65.5659986885314,24.1615602084571,6.09775520417145,7.9419085952937,7.25285987100951,6.9388152435196,7.61611053856889,3.83267907232004,25.4659044940524,16.1929643591283,21.898200160584,11.7595779160011,11.5650225158147,3.50800773751997,3.42145081164409,21.053963193893,9.91254828421028,24.6228780230947,22.6362312207598,18.5441680943632,13.6775390713717,18.7404630220334,13.0764138535342,14.8962317497614,11.0532435111735,5.11488787389323,29.5296288630386,15.8118396367437,21.955102303952,11.5804058946567,12.3144791532285,6.16842094403421,7.71276866232873,19.7411206247467,21.8012758749689,13.8588825053429,30.6564549805257,12.4036558636073,10.0355635301661,17.1460645582944,92.1450244925867,238.464995063071,238.464995063071,30.8638903141406,32.4141318496485
"06",33.0823259092419,42.3511504291489,8.47443628872742,27.2700442537301,0,14.1692301214604,47.0857916555578,44.1369755098376,42.6260293639239,38.0761338658234,36.4503372588293,40.4801342075604,8.69042956432535,30.5402407614871,33.4388776883974,26.5510310264988,21.2641370169518,34.3188729610181,28.2578851273375,51.0307918514322,42.8601123807626,48.056080917014,34.9016072908527,26.8704127240819,30.2779222059919,27.2438741418048,13.9667838018994,20.2553225577476,3.629842175109,48.4604831387977,45.0364763736108,13.7920211004805,44.460499232476,40.2655038319813,21.6876225197922,36.9439303022093,22.1623901257626,6.75680828572189,41.966022927012,48.2561675324202,38.8504188033154,20.6688758882262,33.2944076457894,21.0496846243976,8.19781039656323,47.4396524457136,40.7795104744049,10.1694643446054,39.0194840357994,30.5058503989317,13.3595092565259,72.3207055055038,265.73503187017,265.73503187017,56.4414128570901,58.0996443497721
"08",19.7225913876701,53.07909802184,7.71715909710302,13.7344886313725,14.1692301214604,0,32.9262768406648,30.041910145823,28.5333295212634,25.246147056551,22.9927310127027,54.1492046167107,10.586649050592,16.3841951964111,19.2937967236648,12.4342974472384,7.18603470038937,20.3107715415688,15.6625927608075,36.8743037563247,28.7619880427431,33.8906919523473,20.8101723844566,13.4049818986525,17.0665378815271,13.179727732643,9.01930136541073,6.26973301617382,11.1133254716354,34.2921079174815,30.9024533626135,4.61137526601338,30.2914859832676,26.3962504816877,9.85671158929285,22.7944918789299,8.73491381409113,15.7959503175877,27.8118145700312,34.0972802937962,25.1634130920609,7.60536626538131,19.4620338930365,9.72685758004609,6.13901153360212,33.2746339340285,26.759339957854,17.0890982285111,24.9366507176425,16.5279869289064,4.47471721994809,83.8998409312586,251.892754159599,251.892754159599,44.2582645851213,45.8555873659786
"09",16.6362840194949,82.669098192102,39.6220217223768,20.8276024692474,47.0857916555578,32.9262768406648,0,3.82419872300068,5.07433503995351,16.2283206622158,13.9798033115849,86.3093197580244,42.0242997962143,16.5455679541381,13.6572252000544,20.7787313512856,25.8450769247085,13.214809638103,21.989542963236,5.13322670331245,4.80830326408392,1.11181754186558,12.9993879938442,22.0909187604432,19.1210851546794,19.9345460701191,37.313342280171,27.0845161529498,43.9875379844792,2.36176494937579,2.40707286175554,34.1499014248607,3.08788149746715,9.0111074818415,28.3478954743452,10.1513935664863,25.5070410761754,47.8820337572768,5.12795887106166,1.17166117286526,11.2192684211583,27.647845795557,14.7926209418412,28.4937945716818,39.0197271941899,2.45397171387529,7.35572079430018,48.0600120914217,8.43143784280001,17.5462377314397,34.8524493568673,112.50805456659,219.556646557308,219.556646557308,24.2217017103609,24.9500565799479
"10",12.9084020121818,80.7809337799682,36.4631342508032,17.4215875577055,44.1369755098376,30.041910145823,3.82419872300068,0,1.51118448618956,12.4732793988309,10.165190744654,82.9865998359356,39.5231469032831,13.7341588744269,10.8081419702926,18.2556424705815,22.879974353292,9.89418615145783,18.3173799741393,8.95286894139527,1.2809260982586,4.92657194205058,11.2809925531976,20.180583346685,15.475039469045,16.8931025240629,35.0726326341579,24.436141061256,41.1510525123356,6.11784177838068,1.46718126882809,30.9424212790612,3.95238022424463,5.18783685777607,26.3550120624863,7.39842673019744,22.2652775534575,45.3164949775465,2.96425604030758,4.77337648205126,7.39508526302435,25.3160710122266,11.2866348182264,25.0051711235456,36.1737888882268,5.82110408827226,3.6379583739922,45.7097355640065,5.11998338278553,15.5640109877242,32.2947006239723,108.794655790693,222.01119298296,222.01119298296,22.653679105525,23.5991177240591
"11",11.5620268077357,79.3766666266133,34.956057213207,15.9371748561688,42.6260293639239,28.5333295212634,5.07433503995351,1.51118448618956,0,11.6169313581513,8.9751870464353,81.4977946204203,38.0414293272295,12.2384288110729,9.3145337629803,16.7865205104631,21.3697688442014,8.39052382405294,16.9289204764066,10.1230641864062,0.266138794053022,6.18523388738858,10.0250760333576,18.8162435610778,14.0697364661958,15.3821624812768,33.6265856526841,22.94575342534,39.6432719717747,7.23702459216493,2.67773653358578,29.437846737073,4.3081089961258,4.11290755755584,24.9600233523068,5.93840100353622,20.7616714852008,43.8268865623295,2.11527812005892,6.1196783556736,6.31067927713808,23.8646384053478,9.81970723653715,23.542972636702,34.6660578058322,6.75459154739945,2.28785502324776,44.2439214048947,3.60895022676955,14.20302757601,30.8095243412828,107.438903996981,223.501408893972,223.501408893972,23.2197470088888,24.2461099789657
"12",5.96745846125467,78.2780560921035,29.691799497117,11.720157109958,38.0761338658234,25.246147056551,16.2283206622158,12.4732793988309,11.6169313581513,0,4.08689721433021,74.3171623610065,35.7852574882814,13.2097656792882,11.8484742401585,17.331232358035,18.6583364209835,9.27923582683402,9.82127740624915,21.3411872653819,11.8457614988527,17.2889164036298,15.9441951891778,21.2234376110422,8.23656832401699,13.8057846864421,32.7630637838298,21.5530581116115,35.7780335157496,18.5701530529934,13.9403803892613,24.2888091302023,15.8955155357887,7.54940963155398,25.9799721673773,11.6205702276093,16.5138040513808,40.9901573939074,13.0773155088191,17.0005052753999,5.50262886999478,23.7167289016424,8.12979295562317,17.084428964484,31.052232794234,18.2797511383553,9.57746630249358,42.2927276682942,10.1472046904209,17.6382033224164,28.8501278035661,97.7937666559096,228.103517213835,228.103517213835,19.1448431247895,20.6949404436471
"13",3.38126262193577,75.6984163196272,28.2638080964066,9.2675530366327,36.4503372588293,22.9927310127027,13.9798033115849,10.165190744654,8.9751870464353,4.08689721433021,0,73.9464296128278,33.3449626401485,9.38193685661974,7.78769161764896,13.7778116582025,16.0306493664386,5.21150485342765,8.7216644929394,19.0837786527773,9.23421146868534,15.0876555213658,11.8634204501611,17.4543710749972,6.21786160300308,10.5835455782124,29.8848090746888,18.6143365904241,33.8770565140037,16.2070538088729,11.5788591148696,22.7288996135867,12.9983688143167,4.99279380792959,22.5520167510802,7.66797376717605,14.3621545352395,38.7818420395576,9.97580354704823,14.9287195086585,2.85465290643189,20.5063913321701,4.30875711768487,15.9529454884357,29.0075336263737,15.7108283084025,6.70826380075352,39.8160766480601,6.62785218145366,13.6648984061939,26.2304296657146,98.7768896734302,229.320099442499,229.320099442499,22.2822583175965,23.7369558725714
"15",70.6433526287152,44.1822078819529,46.8379324242606,65.5659986885314,40.4801342075604,54.1492046167107,86.3093197580244,82.9865998359356,81.4977946204203,74.3171623610065,73.9464296128278,0,48.1729131030665,70.0118565166708,72.7773715373872,66.5292700389836,60.7678668709706,73.1273086068632,65.2254305270674,90.6698796374325,81.7516581704157,87.3512597336896,74.8934927100212,67.2864178922849,67.8439038922319,66.4658183928927,53.8377892284081,60.4083002086808,44.051617926293,87.9499619924932,84.0800684381055,52.199738522939,83.959089044387,78.4736490892325,62.1452996236023,76.2389213419825,60.8045595887841,42.922578695457,81.2106930416149,87.4568733082409,76.6797734374177,61.1074356576235,71.7198770762311,58.0868875318836,48.5713615334973,87.010353245257,79.4177105106865,45.0051730781307,77.9352970255051,70.6770053751607,53.838920310869,37.2547336536782,301.558800652052,301.558800652052,89.9011604391456,91.5746689488425
"16",30.1514223343742,42.5023220774689,10.5306492090089,24.1615602084571,8.69042956432535,10.586649050592,42.0242997962143,39.5231469032831,38.0414293272295,35.7852574882814,33.3449626401485,48.1729131030665,0,25.8255197389346,28.7353934990649,21.2855023197387,17.3168087749793,30.1599555966019,26.2491671273452,45.4401561063307,38.2485786937253,42.8980718077876,29.2226100385712,20.436418148247,27.5701143248192,23.0856150396085,5.66884585894695,15.1220470202582,5.41398352709906,43.0875336486576,40.2093259249804,13.1329341813473,39.1709384004073,36.3726150916703,14.5155758789137,32.1316893177592,19.2795369986937,5.91038943323534,37.0272842435548,43.1888752841342,35.341656228939,14.428926776008,29.5775574665404,20.009130928806,5.87742105948689,41.9977735414819,36.4829509078912,6.50891756482597,34.527171802256,24.649139432534,7.24241974520256,80.8962410548061,261.522412276457,261.522412276457,54.8360370443835,56.4279280127536
"17",7.6484545749648,67.5189509900176,23.1957568853551,6.09775520417145,30.5402407614871,16.3841951964111,16.5455679541381,13.7341588744269,12.2384288110729,13.2097656792882,9.38193685661974,70.0118565166708,25.8255197389346,0,2.92711349455398,4.7479222052283,9.3168118455886,4.65993110628259,9.4116764169302,20.6637510606037,12.4543126487334,17.5219105710365,5.69971530188131,8.07395061110111,7.32790543897095,3.63321584683597,21.6015505192613,10.7124444813684,27.4661503109009,17.9889517373331,14.5302516211799,17.826901981267,13.9838747113738,10.810616625119,13.4728473717845,6.4123505679041,9.4412563925412,31.5919810315529,11.427728208848,17.7159382109162,10.3173555286711,11.8665078218868,5.09674606822824,13.2930269481484,22.4920566759467,17.014952921842,10.6774428898356,32.0867128854079,8.70170477389345,4.64396868865413,18.586199340048,97.677611100138,235.738613396627,235.738613396627,31.5233068024232,32.9192110703097
"18",7.13579659318425,70.3100431930062,26.0025315205366,7.9419085952937,33.4388776883974,19.2937967236648,13.6572252000544,10.8081419702926,9.3145337629803,11.8484742401585,7.78769161764896,72.7773715373872,28.7353934990649,2.92711349455398,0,7.5424375984757,12.1881002241572,2.57701318764573,10.5298025305796,17.9024143160245,9.52873154949807,14.6509262703557,4.51769958258625,10.2771868671587,7.91838209500527,6.31284949826147,24.4317486993502,13.6315938927332,30.3849159444123,15.1756161076281,11.6104045454411,20.5778216592938,11.1817334401872,8.16171263346732,16.0714392211588,3.50646060689408,12.0364277565106,34.5126871987679,8.5310108393613,14.8254201458508,8.03583559270596,14.6712639638478,4.06558604213464,15.5557244463959,25.4094571472119,14.2362805877273,7.82058294615561,34.9721942337423,5.80144930806088,6.02686552854798,21.4994090185289,100.034742710349,232.815930124686,232.815930124686,29.369330559645,30.7031294359647
"19",11.4311488521933,62.7838455099407,19.7610905410506,7.25285987100951,26.5510310264988,12.4342974472384,20.7787313512856,18.2556424705815,16.7865205104631,17.331232358035,13.7778116582025,66.5292700389836,21.2855023197387,4.7479222052283,7.5424375984757,0,6.05834030341644,9.3851419162099,11.0835757561042,24.4941493747078,16.9864495617095,21.6865742385122,8.37740547007245,4.31465174019874,10.0804084200195,3.91577931311252,16.889425930993,6.33425933745218,23.3143525784462,21.9815982873175,18.9243000016513,14.7493262959092,18.0063113019658,15.5584880495503,8.79919485630931,10.8574829847898,7.62894254651325,27.1162438960801,15.7465933914418,21.9478705535116,15.0009246219591,7.13271944510648,9.48956453762236,12.0945101338459,18.3851492346867,20.9331075457133,15.3622957541899,27.4575196035713,13.3355121378108,4.32865815842508,14.0818233190202,95.3071926286495,240.237236167635,240.237236167635,36.04995105962,37.4825583064723
"20",12.8790978229766,59.7020054056353,13.9299410111745,6.9388152435196,21.2641370169518,7.18603470038937,25.8450769247085,22.879974353292,21.3697688442014,18.6583364209835,16.0306493664386,60.7678668709706,17.3168087749793,9.3168118455886,12.1881002241572,6.05834030341644,0,13.1247420147521,9.74843713482833,29.9547246374007,21.601586033449,26.832574281468,14.2091898532323,8.82055241902682,10.4311623611945,5.99689045344334,14.1414048764081,3.36185835759034,18.2959809240418,27.3025802396953,23.7734266283449,8.73129418058972,23.296815877731,19.2277955317816,9.20184589678071,15.6944833221422,3.02947084283708,22.8324048695993,20.7190784267303,27.0135002043959,18.0633740342412,6.23242265327056,12.3233487313838,7.0587380656956,13.3244758668887,26.3180607380483,19.5745861958816,23.7859958641824,17.7671714787498,10.3869978826464,10.2223446023356,89.2488624007416,244.709133890788,244.709133890788,37.8004972861601,39.3528139646417
"21",4.97622667787551,72.0831724106986,26.5715802539969,7.61611053856889,34.3188729610181,20.3107715415688,13.214809638103,9.89418615145783,8.39052382405294,9.27923582683402,5.21150485342765,73.1273086068632,30.1599555966019,4.65993110628259,2.57701318764573,9.3851419162099,13.1247420147521,0,9.31939007899659,17.8779349173583,8.63910752328618,14.2826128020366,6.82205867786257,12.5935074072397,6.47601043187857,7.13938280111104,26.1443426913835,15.0611143340226,31.4182590533737,15.0324973900147,10.9530712955819,21.0482380964346,11.1781776082195,6.23552297856403,18.1327540381626,3.7275690501988,12.3713002221189,35.8395974235719,8.20486972142763,14.3475910712042,5.67272939990089,16.4604020331218,1.98578100396293,15.3076897341336,26.4488843275043,14.2246792729327,6.46089822611376,36.5046701928192,4.80802996618157,8.53509565765376,22.9238830101469,99.605509831674,231.588659360863,231.588659360863,26.961047192459,28.3285389601458
"22",5.47438918580877,68.7347894629277,19.895227938561,3.83267907232004,28.2578851273375,15.6625927608075,21.989542963236,18.3173799741393,16.9289204764066,9.82127740624915,8.7216644929394,65.2254305270674,26.2491671273452,9.4116764169302,10.5298025305796,11.0835757561042,9.74843713482833,9.31939007899659,0,26.9079933761921,17.1946453136376,23.0950339753117,14.8065809495271,15.3932571931512,2.8898955791689,7.24048133828822,23.7602199484853,13.0193642080172,25.9770320448661,24.0194726380847,19.606047450116,14.4682851442491,20.3309955594703,13.411785571955,18.4063941975499,13.0398742229709,7.08661816821677,31.2828538467481,17.2691572127565,23.0483181517264,11.4883242856911,15.6654693771524,7.41127490820574,7.34152618533777,21.3049290326206,23.3171783469291,14.6811468190772,32.750550541968,13.6881324580455,13.6975588531169,19.5654112196243,90.5241570261309,237.761291058086,237.761291058086,28.6157647197292,30.2261558371189
"23",21.6350842272292,85.1264581458256,43.8590953947901,25.4659044940524,51.0307918514322,36.8743037563247,5.13322670331245,8.95286894139527,10.1230641864062,21.3411872653819,19.0837786527773,90.6698796374325,45.4401561063307,20.6637510606037,17.9024143160245,24.4941493747078,29.9547246374007,17.8779349173583,26.9079933761921,0,9.86029136531979,4.0532458886675,16.2396661887398,25.1008674643188,24.0226777128217,24.2078147530524,40.4488718340574,30.822409787442,47.8064524954571,2.89545799701878,7.51081275986827,38.4722830756442,6.73923405561789,14.1335538286908,31.307589221299,14.4836107704018,29.9272117007265,51.3426561361389,9.6821557436606,4.37453069944651,16.3446375572663,31.0148693452431,19.59156445233,33.1754186966435,42.878146900511,3.67255259051521,12.4095063441097,51.2490317146617,13.2283105818468,20.7947355166302,38.3953367167342,117.419337110069,216.590029643626,216.590029643626,27.298033374595,27.7718813943924
"24",11.8281084446542,79.550317953039,35.2009299667793,16.1929643591283,42.8601123807626,28.7619880427431,4.80830326408392,1.2809260982586,0.266138794053022,11.8457614988527,9.23421146868534,81.7516581704157,38.2485786937253,12.4543126487334,9.52873154949807,16.9864495617095,21.601586033449,8.63910752328618,17.1946453136376,9.86029136531979,0,5.91927201816238,10.1462830210132,18.9742670733206,14.3349663670655,15.6164764219237,33.816227279296,23.1580643143506,39.8707241213726,6.97556736104671,2.41176112415803,29.6848349478601,4.10437396661172,4.35705622668562,25.1293130846388,6.13203793175645,21.0094917803953,44.0388334017512,2.0904267073734,5.85417116423837,6.5593889837545,24.0563941939789,10.0796647180945,23.8029959448848,34.89345111403,6.50377219549548,2.55232981757844,44.4427605692198,3.84896850769137,14.3591436583105,31.0186423075479,107.704996589522,223.288875532942,223.288875532942,23.2385445043897,24.249832506836
"25",17.7468247480077,83.3767597625298,40.6384700467193,21.898200160584,48.056080917014,33.8906919523473,1.11181754186558,4.92657194205058,6.18523388738858,17.2889164036298,15.0876555213658,87.3512597336896,42.8980718077876,17.5219105710365,14.6509262703557,21.6865742385122,26.832574281468,14.2826128020366,23.0950339753117,4.0532458886675,5.91927201816238,0,13.7818062624063,22.8616556162431,20.2245018763603,20.9446745986301,38.1310765844606,28.0058862981803,44.9349279748572,1.44716700435714,3.51869224755449,35.1781029522585,3.76447112736969,10.1143856606568,29.1210437525649,11.1505962327806,26.5467059407848,48.7669676564803,6.14305075226472,0.637202940357304,12.3203440876138,28.4996154481091,15.8822312645359,29.5735053049381,39.9718223608607,2.00556154802091,8.46740293098776,48.8948513653738,9.51321954146966,18.3521076005183,35.7449069329688,113.615508324498,218.731198744298,218.731198744298,24.6226420138559,25.2858761127749
"26",11.6369452167225,69.7032093279305,28.0887922751406,11.7595779160011,34.9016072908527,20.8101723844566,12.9993879938442,11.2809925531976,10.0250760333576,15.9441951891778,11.8634204501611,74.8934927100212,29.2226100385712,5.69971530188131,4.51769958258625,8.37740547007245,14.2091898532323,6.82205867786257,14.8065809495271,16.2396661887398,10.1462830210132,13.7818062624063,0,9.09164770494325,12.3422168071218,9.19797900851051,24.3569112592566,14.6478612799036,31.6150355072662,13.8749929591406,11.5388285221031,22.9311443034228,10.0200148507724,10.6865258957437,15.3487270347772,4.84314694530323,14.9171864609919,35.1179784108268,8.39021902470967,14.1357416400591,11.3573386170573,14.7939975318979,8.55236497334509,18.9483041001589,26.7179545322111,12.776916826997,9.50340234823297,35.1344286798078,7.47019754473066,4.58387772551798,22.1557075682024,103.195892524271,232.508863184338,232.508863184338,32.2842778356555,33.4947139764008
"27",15.4530938875877,60.6383440588387,21.1069985833041,11.5650225158147,26.8704127240819,13.4049818986525,22.0909187604432,20.180583346685,18.8162435610778,21.2234376110422,17.4543710749972,67.2864178922849,20.436418148247,8.07395061110111,10.2771868671587,4.31465174019874,8.82055241902682,12.5935074072397,15.3932571931512,25.1008674643188,18.9742670733206,22.8616556162431,9.09164770494325,0,14.3343859811294,8.22039044504578,15.3484726680572,7.28775891341776,23.3994583095528,22.8872162883519,20.573472480262,16.7481871529548,19.0972679417895,18.4121146706835,6.25942670739902,13.0015734693382,11.1939725646439,26.34610744612,17.3866397454195,23.225271131483,18.2515765181778,6.20711382291319,13.1576119517373,15.6532310946111,18.7180290424099,21.7660758400314,17.8077350628989,26.1482553918402,15.7004475258669,4.61657250203005,13.6459616167018,97.2339973063892,241.56555528126,241.56555528126,39.5516478071723,40.9216303361743
"28",2.83907376688244,70.0513556072607,22.0529617060838,3.50800773751997,30.2779222059919,17.0665378815271,19.1210851546794,15.475039469045,14.0697364661958,8.23656832401699,6.21786160300308,67.8439038922319,27.5701143248192,7.32790543897095,7.91838209500527,10.0804084200195,10.4311623611945,6.47601043187857,2.8898955791689,24.0226777128217,14.3349663670655,20.2245018763603,12.3422168071218,14.3343859811294,0,6.19757020647608,24.5589693438406,13.4135777669084,27.7861758218093,21.1357019718438,16.7446398809679,16.5273636758922,17.4412569153401,10.6589576111738,18.2385172000056,10.2035299586075,8.33812738864069,32.8492460850854,14.3794623683154,20.1888653924013,8.84609746071679,15.7523668811833,4.53775678551639,9.77511930278603,22.9727406594098,20.4281130173592,11.8371092472444,34.0744256573181,10.7997313398297,11.8902726455578,20.6135754344679,93.403129371672,235.526043826004,235.526043826004,27.3712075663497,28.9295187499568
"29",7.83904574524222,65.2264400037722,19.6952359174954,3.42145081164409,27.2438741418048,13.179727732643,19.9345460701191,16.8931025240629,15.3821624812768,13.8057846864421,10.5835455782124,66.4658183928927,23.0856150396085,3.63321584683597,6.31284949826147,3.91577931311252,5.99689045344334,7.13938280111104,7.24048133828822,24.2078147530524,15.6164764219237,20.9446745986301,9.19797900851051,8.22039044504578,6.19757020647608,0,19.3339731330862,8.08773853222889,24.2919380059496,21.4884507086388,17.8162153125881,14.2661002917335,17.4936778940993,13.3000574218385,12.191062477393,9.79573786043707,5.80815186139274,28.7210154986988,14.8079571052863,21.0981538195194,12.2951039892349,9.94688227130491,6.5305409365917,9.7589332572213,19.3187341853057,20.5451044745993,13.579817018863,29.4810772840224,11.7762173432941,6.74788051261284,15.8712309849898,94.0593587950061,238.727527741339,238.727527741339,32.7964404802777,34.2825309362728
"30",26.8970580558116,45.9399796417478,12.8993356388188,21.053963193893,13.9667838018994,9.01930136541073,37.313342280171,35.0726326341579,33.6265856526841,32.7630637838298,29.8848090746888,53.8377892284081,5.66884585894695,21.6015505192613,24.4317486993502,16.889425930993,14.1414048764081,26.1443426913835,23.7602199484853,40.4488718340574,33.816227279296,38.1310765844606,24.3569112592566,15.3484726680572,24.5589693438406,19.3339731330862,0,11.2711021931398,10.3962119342961,38.2144677124319,35.6375123553286,13.0986285551923,34.3738193792485,32.373938800407,9.18499909286876,27.688487134412,16.6855476726687,11.3385753194394,32.436036276421,38.4642958843913,31.5893721429217,9.76630860856342,25.8495467488813,18.6350324920779,7.97328835591689,37.1004790166879,32.2516790832183,10.8004840408937,30.2196401939302,19.7793185180734,4.54482054142955,86.2859616856415,256.862246397746,256.862246397746,51.9060896390057,53.4415856425032
"31",15.6478266029152,57.1387062836568,13.8868934402083,9.91254828421028,20.2553225577476,6.26973301617382,27.0845161529498,24.436141061256,22.94575342534,21.5530581116115,18.6143365904241,60.4083002086808,15.1220470202582,10.7124444813684,13.6315938927332,6.33425933745218,3.36185835759034,15.0611143340226,13.0193642080172,30.822409787442,23.1580643143506,28.0058862981803,14.6478612799036,7.28775891341776,13.4135777669084,8.08773853222889,11.2711021931398,0,16.9840858366943,28.3154293695593,25.176794483659,9.49491524988506,24.3371825054956,21.2900173575528,5.95571585972669,17.0653709835356,6.37399844381061,20.8811421063983,22.0209761787824,28.255179448494,20.3783422081042,2.93919851532693,14.6176634493205,10.0430101490041,12.0704353715846,27.2671627703159,21.360914201843,21.4438145916486,19.4123613738669,10.2808676659706,7.87967560190139,89.9537483691892,246.446877187142,246.446877187142,40.6787601940829,42.200375716626
"32",30.5420914333073,43.4227272175781,7.10948555346306,24.6228780230947,3.629842175109,11.1133254716354,43.9875379844792,41.1510525123356,39.6432719717747,35.7780335157496,33.8770565140037,44.051617926293,5.41398352709906,27.4661503109009,30.3849159444123,23.3143525784462,18.2959809240418,31.4182590533737,25.9770320448661,47.8064524954571,39.8707241213726,44.9349279748572,31.6150355072662,23.3994583095528,27.7861758218093,24.2919380059496,10.3962119342961,16.9840858366943,0,45.2852458784194,41.9951122350804,11.6445241033071,41.2969468995082,37.4712251282461,18.09509412327,33.878267174035,19.515404767027,6.01307403687997,38.8856995041635,45.1591795279941,36.1649631979296,17.1924580622929,30.5150159702563,18.9991249353121,4.97727735262965,44.2449952305625,37.8705514019073,8.87198485654705,36.0487394414978,27.1622275116641,9.80583742089374,75.8995283799129,262.98366771264,262.98366771264,54.4546695331016,56.0935665472628
"33",18.7396587559326,83.2411158446984,41.1726345653251,22.6362312207598,48.4604831387977,34.2921079174815,2.36176494937579,6.11784177838068,7.23702459216493,18.5701530529934,16.2070538088729,87.9499619924932,43.0875336486576,17.9889517373331,15.1756161076281,21.9815982873175,27.3025802396953,15.0324973900147,24.0194726380847,2.89545799701878,6.97556736104671,1.44716700435714,13.8749929591406,22.8872162883519,21.1357019718438,21.4884507086388,38.2144677124319,28.3154293695593,45.2852458784194,0,4.65847120773544,35.7519710903469,4.00586273815017,11.2759640088553,29.1355375712565,11.7150069381115,27.1669430719505,48.9754197649933,6.82766187153407,2.01023766676978,13.4888257507798,28.6627692482775,16.719275199999,30.3390830517025,40.3371983905092,1.15299025954255,9.52107369874848,49.0019547420804,10.3481445396409,18.4584501805027,35.98043886857,114.53657120426,218.681890429017,218.681890429017,25.9705308394341,26.5992084791202
"34",14.2365681364049,81.2118002005768,37.4644588678884,18.5441680943632,45.0364763736108,30.9024533626135,2.40707286175554,1.46718126882809,2.67773653358578,13.9403803892613,11.5788591148696,84.0800684381055,40.2093259249804,14.5302516211799,11.6104045454411,18.9243000016513,23.7734266283449,10.9530712955819,19.606047450116,7.51081275986827,2.41176112415803,3.51869224755449,11.5388285221031,20.573472480262,16.7446398809679,17.8162153125881,35.6375123553286,25.176794483659,41.9951122350804,4.65847120773544,0,31.9663464431971,2.87481498942106,6.62335640382578,26.7987243584653,8.12176657456368,23.3014295931923,46.0353591430935,3.20210328810611,3.44471475210939,8.83531880666453,25.9102732575498,12.4612662857191,26.1806483324955,37.0198424143269,4.36312233444125,4.95144827606025,46.3309825293723,6.14569782950642,15.9713076759544,33.0016034265307,110.116362127136,221.315412965706,221.315412965706,23.4578459407018,24.3275560478401
"35",19.3502019292048,54.930681150014,5.55767741953417,13.6775390713717,13.7920211004805,4.61137526601338,34.1499014248607,30.9424212790612,29.437846737073,24.2888091302023,22.7288996135867,52.199738522939,13.1329341813473,17.826901981267,20.5778216592938,14.7493262959092,8.73129418058972,21.0482380964346,14.4682851442491,38.4722830756442,29.6848349478601,35.1781029522585,22.9311443034228,16.7481871529548,16.5273636758922,14.2661002917335,13.0986285551923,9.49491524988506,11.6445241033071,35.7519710903469,31.9663464431971,0,31.7594479139625,26.7532714534279,14.1931781526373,24.0457969498081,8.67833658939315,17.2960626280347,29.035077899,35.3058396900753,25.2140571206083,11.612286984268,19.8161097324096,7.35642155962394,7.42003712112682,34.8109972709372,27.4538149341763,19.3220223509885,25.8417467852098,19.065029756056,8.69879276983307,80.6237087431563,252.048989362722,252.048989362722,42.8214522129201,44.4648366580616
"36",15.2009932556692,79.6256797523123,37.1712559579105,18.7404630220334,44.460499232476,30.2914859832676,3.08788149746715,3.95238022424463,4.3081089961258,15.8955155357887,12.9983688143167,83.959089044387,39.1709384004073,13.9838747113738,11.1817334401872,18.0063113019658,23.296815877731,11.1781776082195,20.3309955594703,6.73923405561789,4.10437396661172,3.76447112736969,10.0200148507724,19.0972679417895,17.4412569153401,17.4936778940993,34.3738193792485,24.3371825054956,41.2969468995082,4.00586273815017,2.87481498942106,31.7594479139625,0,8.35174838105771,25.3566318465919,7.74503706961432,23.1935416161159,45.0482441965611,3.08562395481044,4.15859812013616,10.4980201359494,24.7603327953665,12.9512571524544,26.452738732653,36.3444576014693,3.0668221133447,6.36310779758602,45.1432246504788,6.67338551658752,14.5946251320477,32.036571667858,110.775460968438,222.48956433912,222.48956433912,26.3283048075204,27.1842164517758
"37",7.93962641404493,78.3096944527234,32.3101265930358,13.0764138535342,40.2655038319813,26.3962504816877,9.0111074818415,5.18783685777607,4.11290755755584,7.54940963155398,4.99279380792959,78.4736490892325,36.3726150916703,10.810616625119,8.16171263346732,15.5584880495503,19.2277955317816,6.23552297856403,13.411785571955,14.1335538286908,4.35705622668562,10.1143856606568,10.6865258957437,18.4121146706835,10.6589576111738,13.3000574218385,32.373938800407,21.2900173575528,37.4712251282461,11.2759640088553,6.62335640382578,26.7532714534279,8.35174838105771,0,24.2175308215949,5.84604964715491,18.1295835988916,42.0202346746053,5.55905925697865,9.93959237806561,2.21290237428134,22.6687997333648,6.97109809849927,20.386960985603,32.5200150398935,10.8576566837785,2.04767068367939,42.733455586078,3.33595250489272,13.9910348672891,29.1427029917902,103.733835826853,225.513688806943,225.513688806943,21.6028482401048,22.8373875781644
"38",20.0205510739964,54.4273622151745,17.2723811047956,14.8962317497614,21.6876225197922,9.85671158929285,28.3478954743452,26.3550120624863,24.9600233523068,25.9799721673773,22.5520167510802,62.1452996236023,14.5155758789137,13.4728473717845,16.0714392211588,8.79919485630931,9.20184589678071,18.1327540381626,18.4063941975499,31.307589221299,25.1293130846388,29.1210437525649,15.3487270347772,6.25942670739902,18.2385172000056,12.191062477393,9.18499909286876,5.95571585972669,18.09509412327,29.1355375712565,26.7987243584653,14.1931781526373,25.3566318465919,24.2175308215949,0,19.0723253131992,12.2268037377599,20.3874564759266,23.6036008875532,29.4838314224254,23.7809407131005,3.01958296645414,18.2806071631606,15.9906094744134,13.8424450722334,28.0102261352332,23.8093005747859,19.9707274137524,21.719821550045,10.8285926485486,8.36232725531594,93.2451809987755,247.817213717071,247.817213717071,44.8335770751398,46.2754431763652
"39",8.51529067637741,73.4642087478093,29.4909355874547,11.0532435111735,36.9439303022093,22.7944918789299,10.1513935664863,7.39842673019744,5.93840100353622,11.6205702276093,7.66797376717605,76.2389213419825,32.1316893177592,6.4123505679041,3.50646060689408,10.8574829847898,15.6944833221422,3.7275690501988,13.0398742229709,14.4836107704018,6.13203793175645,11.1505962327806,4.84314694530323,13.0015734693382,10.2035299586075,9.79573786043707,27.688487134412,17.0653709835356,33.878267174035,11.7150069381115,8.12176657456368,24.0457969498081,7.74503706961432,5.84604964715491,19.0723253131992,0,15.4527485649447,37.9377788818231,5.02459640854865,11.3191891966916,6.63082696746794,17.926242568235,5.69319884547344,18.7598208764716,28.9043938069647,10.8111043669091,4.83578801555651,38.3116248154017,2.73023746624721,8.4283484395758,24.9091050317208,103.184268074453,229.394124143253,229.394124143253,27.4482004920177,28.672285682528
"40",11.0397710416929,61.7809602435224,14.2150540749165,5.11488787389323,22.1623901257626,8.73491381409113,25.5070410761754,22.2652775534575,20.7616714852008,16.5138040513808,14.3621545352395,60.8045595887841,19.2795369986937,9.4412563925412,12.0364277565106,7.62894254651325,3.02947084283708,12.3713002221189,7.08661816821677,29.9272117007265,21.0094917803953,26.5467059407848,14.9171864609919,11.1939725646439,8.33812738864069,5.80815186139274,16.6855476726687,6.37399844381061,19.515404767027,27.1669430719505,23.3014295931923,8.67833658939315,23.1935416161159,18.1295835988916,12.2268037377599,15.4527485649447,0,24.5111236260295,20.4065400909855,26.657820764648,16.6907301483219,9.26180236672107,11.1678862426379,4.4887351707246,14.6553708078813,26.2565262776172,18.7783658722158,25.7884287463292,17.169200742041,11.7546822586789,12.4846544347411,88.2836942857383,243.57393963266,243.57393963266,35.5644474660777,37.1508820516889
"41",35.5185213773899,37.6355652420101,13.1138473354733,29.5296288630386,6.75680828572189,15.7959503175877,47.8820337572768,45.3164949775465,43.8268865623295,40.9901573939074,38.7818420395576,42.922578695457,5.91038943323534,31.5919810315529,34.5126871987679,27.1162438960801,22.8324048695993,35.8395974235719,31.2828538467481,51.3426561361389,44.0388334017512,48.7669676564803,35.1179784108268,26.34610744612,32.8492460850854,28.7210154986988,11.3385753194394,20.8811421063983,6.01307403687997,48.9754197649933,46.0353591430935,17.2960626280347,45.0482441965611,42.0202346746053,20.3874564759266,37.9377788818231,24.5111236260295,0,42.8625459953617,49.0486451009954,40.8948600695906,20.3279962379006,35.1532461006092,24.5750978507472,10.0010558052638,47.8897923630548,42.2137193882854,3.44670158838853,40.28784922095,30.5489321748568,13.0345488438227,76.6116359425342,267.327669495473,267.327669495473,59.8846899484342,61.5038136180839
"42",12.115432161966,78.0228012237609,34.4986787337631,15.8118396367437,41.966022927012,27.8118145700312,5.12795887106166,2.96425604030758,2.11527812005892,13.0773155088191,9.97580354704823,81.2106930416149,37.0272842435548,11.427728208848,8.5310108393613,15.7465933914418,20.7190784267303,8.20486972142763,17.2691572127565,9.6821557436606,2.0904267073734,6.14305075226472,8.39021902470967,17.3866397454195,14.3794623683154,14.8079571052863,32.436036276421,22.0209761787824,38.8856995041635,6.82766187153407,3.20210328810611,29.035077899,3.08562395481044,5.55905925697865,23.6036008875532,5.02459640854865,20.4065400909855,42.8625459953617,0,6.29477848837431,7.59888738827599,22.7123085009869,9.91504511520245,23.511949104651,33.9143535892769,6.05256188814291,3.51183523374887,43.1343114953201,3.59147915551518,12.7789210234863,29.8279985581014,107.749668911111,224.503054257026,224.503054257026,25.3269316039429,26.3401468523716
"44",17.6660882017186,83.7810708209116,40.7824871430434,21.955102303952,48.2561675324202,34.0972802937962,1.17166117286526,4.77337648205126,6.1196783556736,17.0005052753999,14.9287195086585,87.4568733082409,43.1888752841342,17.7159382109162,14.8254201458508,21.9478705535116,27.0135002043959,14.3475910712042,23.0483181517264,4.37453069944651,5.85417116423837,0.637202940357304,14.1357416400591,23.225271131483,20.1888653924013,21.0981538195194,38.4642958843913,28.255179448494,45.1591795279941,2.01023766676978,3.44471475210939,35.3058396900753,4.15859812013616,9.93959237806561,29.4838314224254,11.3191891966916,26.657820764648,49.0486451009954,6.29477848837431,0,12.1325323955883,28.8072787865515,15.8961793052104,29.609076541635,40.19128819567,2.64267521131523,8.37888648647898,49.2159905983289,9.55218692276277,18.6917986132582,36.019998585211,113.55170702257,218.401799813148,218.401799813148,23.9983186271559,24.6547604916576
"45",6.03681025152356,77.5115425402088,30.7676569117068,11.5804058946567,38.8504188033154,25.1634130920609,11.2192684211583,7.39508526302435,6.31067927713808,5.50262886999478,2.85465290643189,76.6797734374177,35.341656228939,10.3173555286711,8.03583559270596,15.0009246219591,18.0633740342412,5.67272939990089,11.4883242856911,16.3446375572663,6.5593889837545,12.3203440876138,11.3573386170573,18.2515765181778,8.84609746071679,12.2951039892349,31.5893721429217,20.3783422081042,36.1649631979296,13.4888257507798,8.83531880666453,25.2140571206083,10.4980201359494,2.21290237428134,23.7809407131005,6.63082696746794,16.6907301483219,40.8948600695906,7.59888738827599,12.1325323955883,0,21.9992023896345,5.76873744517811,18.6211543162716,31.247273196159,13.0630319139356,4.13562695770544,41.7643108665856,4.71548681425364,14.0555704716173,28.1515042748092,101.630429501924,226.884613438004,226.884613438004,21.3337807753923,22.6767216364491
"46",17.7541500669111,55.6533243090878,15.2845358907688,12.3144791532285,20.6688758882262,7.60536626538131,27.647845795557,25.3160710122266,23.8646384053478,23.7167289016424,20.5063913321701,61.1074356576235,14.428926776008,11.8665078218868,14.6712639638478,7.13271944510648,6.23242265327056,16.4604020331218,15.6654693771524,31.0148693452431,24.0563941939789,28.4996154481091,14.7939975318979,6.20711382291319,15.7523668811833,9.94688227130491,9.76630860856342,2.93919851532693,17.1924580622929,28.6627692482775,25.9102732575498,11.612286984268,24.7603327953665,22.6687997333648,3.01958296645414,17.926242568235,9.26180236672107,20.3279962379006,22.7123085009869,28.8072787865515,21.9992023896345,0,16.3308125881139,12.9712023758208,12.5374189381268,27.5701139410667,22.491824418686,20.4228860106622,20.454400370094,10.22101872387,7.4605640739625,91.4639889321962,247.198793376755,247.198793376755,42.7432988179106,44.2267339642992
